X1 = [[43.652031, -79.407555], [43.651239, -79.408306],
      [43.652497, -79.407490], [43.650758, -79.405441],
      [43.651690, -79.409013], [43.652186, -79.411224],
      [43.650215, -79.411213], [43.653638, -79.412543],
      [43.654671, -79.404937], [43.649687, -79.411020]]
X2 = [[43.668414, -79.307412], [43.669298, -79.303485],
      [43.666722, -79.307477], [43.667917, -79.303378],
      [43.670276, -79.303957], [43.665775, -79.310717],
      [43.666520, -79.306747], [43.671471, -79.308185],
      [43.666753, -79.300353], [43.671487, -79.308185]]
X3 = [[43.761074, -79.412879], [43.759199, -79.410540],
      [43.760718, -79.414681], [43.764173, -79.405390],
      [43.757463, -79.413737], [43.759059, -79.406184],
      [43.759044, -79.418479], [43.762903, -79.416484],
      [43.756688, -79.417449], [43.759121, -79.406248]]
X4 = [[43.681514, -79.438431], [43.682476, -79.433603],
      [43.681731, -79.442208], [43.682492, -79.433689],
      [43.677417, -79.438131], [43.678038, -79.435299],
      [43.683562, -79.431908], [43.682011, -79.441071],
      [43.677417, -79.438131], [43.676579, -79.432294]]
